(21, 36) (138, 35) (22, 83)
13 90 6
56.0 77.0 6.0
132 30 20
81.33334 61.33333 10.66667
147 25 8
97.75001 52.25 10.0
147 25 8
107.6 46.8 9.6
147 25 8
114.1667 43.16667 9.333334
147 22 8
118.8571 40.14286 9.142858
147 22 8
122.375 37.875 9.0
13 90 8
110.2222 43.66667 8.888889
147 22 8
113.9 41.5 8.8
13 90 6
104.7273 45.90909 8.545455
147 22 8
108.25 43.91667 8.5
147 22 8
111.2308 42.23077 8.461538
147 25 8
113.7857 41.0 8.428572
78 58 7
111.4 42.13334 8.333334
77 58 10
109.25 43.125 8.437501
77 58 10
107.3529 44.0 8.529412
77 58 10
105.6667 44.77778 8.611112
77 58 10
104.1579 45.47369 8.684211
76 58 9
102.75 46.1 8.7
78 58 9
101.5714 46.66667 8.714286
76 57 10
100.4091 47.13636 8.772727
78 59 10
99.43478 47.65218 8.826087
77 57 9
98.49999 48.04167 8.833333
78 58 10
97.68 48.44 8.88
78 58 10
96.92307 48.80769 8.923077
79 58 9
96.25926 49.14815 8.925925
78 58 10
95.60714 49.46429 8.964285
77 58 10
94.96552 49.75862 8.999999
78 59 10
94.40001 50.06667 9.033333
77 59 10
93.83872 50.35484 9.064516
79 59 9
93.37501 50.625 9.0625
77 59 10
92.87879 50.87879 9.090909
78 59 10
92.44118 51.11765 9.117647
78 58 10
92.02857 51.31429 9.142858
78 59 8
91.6389 51.52778 9.111112
78 58 8
91.27028 51.7027 9.081081
77 59 10
90.89474 51.89474 9.105264
77 59 10
90.53846 52.07693 9.128205
80 59 44
90.275 52.25 10.0
78 59 10
89.97561 52.41464 10.0
78 58 10
89.69048 52.54762 10.0
78 58 10
89.4186 52.67442 10.0
76 58 9
89.11364 52.79546 9.977273
76 57 9
88.82222 52.88889 9.955556
77 59 10
88.56522 53.02175 9.956522
78 58 9
88.34043 53.12767 9.936171
78 59 10
88.125 53.25 9.9375
121 68 36
88.79592 53.55103 10.46939
90 59 44
88.82 53.66001 11.14
78 59 10
88.60785 53.76471 11.11765
78 59 10
88.40384 53.86539 11.09615
78 59 10
88.20755 53.96226 11.07547
77 58 10
88.0 54.03704 11.05556
78 58 10
87.81818 54.10909 11.03636
78 58 9
87.64286 54.17857 11.0
77 59 10
87.45615 54.26316 10.98246
77 59 10
87.27588 54.34483 10.96552
78 58 9
87.11865 54.40678 10.9322
79 59 9
86.98335 54.48333 10.9
78 58 10
86.83608 54.54098 10.88525
79 59 9
86.70969 54.6129 10.85484
78 59 10
86.57144 54.68254 10.84127
78 59 10
86.43751 54.75 10.82813
78 58 10
86.30771 54.8 10.81539
79 58 9
86.19698 54.84848 10.78788
78 59 10
86.07463 54.91045 10.77612
78 58 10
85.95589 54.95588 10.76471
79 59 9
85.85508 55.01449 10.73913
78 59 10
85.74286 55.07142 10.72857
77 58 10
85.61973 55.11267 10.71831
78 58 10
85.51391 55.15277 10.70833
78 58 10
85.41098 55.19177 10.69863
78 59 10
85.31082 55.24323 10.68919
78 58 10
85.21335 55.27999 10.68
78 58 10
85.11844 55.31578 10.67105
78 58 10
85.02599 55.35064 10.66234
78 59 10
84.9359 55.39743 10.65385
78 59 10
84.84811 55.44303 10.64557
77 58 10
84.75001 55.47499 10.6375
78 59 10
84.66667 55.51851 10.62963
76 57 10
84.56099 55.53658 10.62195
121 68 36
85.00001 55.68674 10.92771
103 96 8
85.2143 56.16666 10.89285
76 57 10
85.10589 56.17646 10.88235
78 59 10
85.02326 56.20929 10.87209
78 59 10
84.94254 56.24137 10.86207
78 58 10
84.86364 56.26136 10.85227
75 57 10
84.75282 56.26966 10.8427
76 58 10
84.65556 56.28889 10.83333
121 68 36
85.05496 56.41757 11.10989
75 57 10
84.94567 56.42391 11.09783
77 58 9
84.86023 56.44086 11.07527
78 58 10
84.78724 56.45744 11.06383
78 59 10
84.71581 56.48421 11.05263
78 59 10
84.64585 56.51042 11.04167
78 58 8
84.57734 56.52577 11.01031
78 59 10
84.51022 56.55102 11.0
103 96 8
84.69699 56.9495 10.96969
76 57 9
84.61002 56.95 10.95
78 59 10
84.54458 56.9703 10.94059
90 59 44
84.59806 56.99019 11.2647
78 59 10
84.53401 57.00971 11.25243
78 59 10
84.47118 57.02884 11.24038
75 58 10
84.38098 57.03809 11.22857
78 59 9
84.32078 57.0566 11.20754
78 58 8
84.2617 57.06542 11.17757
78 58 10
84.20373 57.07407 11.16666
103 96 8
84.37617 57.43119 11.13761
78 59 9
84.3182 57.44545 11.11818
76 59 9
84.24327 57.45946 11.0991
78 59 9
84.18753 57.47322 11.08035
77 59 10
84.12392 57.48672 11.07079
78 58 10
84.0702 57.49123 11.0614
78 58 8
84.01741 57.49565 11.03478
76 57 10
83.9483 57.49138 11.02586
78 59 10
83.89746 57.50427 11.01709
77 58 10
83.839 57.50847 11.00847
78 58 10
83.78993 57.5126 11.0
77 58 9
83.73336 57.51667 10.98333
77 59 10
83.6777 57.52893 10.97521
78 59 10
83.63116 57.54098 10.96721
78 59 9
83.58539 57.55285 10.95122
78 59 10
83.54033 57.56452 10.94355
77 58 10
83.48802 57.568 10.936
77 58 8
83.43653 57.57143 10.9127
77 59 44
83.38584 57.58268 11.17323
75 57 10
83.32033 57.57813 11.16406
78 58 10
83.27909 57.5814 11.15504
78 58 10
83.23848 57.58462 11.14615
78 59 9
83.19849 57.59542 11.12977
77 59 10
83.15153 57.60606 11.12121
76 58 9
83.09775 57.60902 11.10526
75 58 10
83.03733 57.61194 11.09701
121 68 36
83.31853 57.68889 11.28148
77 59 10
83.27207 57.69853 11.27206
78 59 7
83.23359 57.70803 11.24087
78 58 9
83.19566 57.71015 11.22464
76 58 10
83.14389 57.71223 11.21583
77 58 10
83.1 57.71429 11.20714
121 68 36
83.3688 57.78724 11.38298
78 58 10
83.33098 57.78873 11.37324
75 57 10
83.27273 57.78322 11.36363
78 59 10
83.23611 57.79167 11.35416
76 59 9
83.18622 57.8 11.33793
75 57 9
83.13014 57.79453 11.32192
77 59 9
83.08845 57.80273 11.30612
77 59 10
83.0473 57.81082 11.2973
78 59 10
83.01343 57.8188 11.28859
77 58 10
82.97334 57.82001 11.28
78 59 10
82.9404 57.82783 11.27152
90 59 44
82.98685 57.83554 11.48684
75 57 10
82.93465 57.83008 11.47712
78 58 10
82.9026 57.83118 11.46753
78 59 10
82.87097 57.83872 11.45806
76 57 9
82.82693 57.83334 11.4423
78 59 10
82.79618 57.84078 11.43312
77 59 10
82.7595 57.84811 11.42405
78 59 10
82.72956 57.85535 11.41509
77 58 10
82.69375 57.85626 11.40625
77 59 10
82.65839 57.86336 11.39751
77 59 10
82.62346 57.87038 11.38888
76 58 10
82.58283 57.87117 11.38036
76 57 10
82.54269 57.86586 11.37195
121 68 36
82.77576 57.92728 11.52121
78 58 8
82.74699 57.92772 11.49999
75 57 10
82.70061 57.92216 11.49101
78 59 10
82.67263 57.92858 11.48214
77 58 10
82.63906 57.929 11.47337
77 58 9
82.60589 57.92942 11.45882
78 59 9
82.57895 57.93568 11.44444
77 58 10
82.54653 57.93605 11.43604
77 59 10
82.51447 57.9422 11.42774
78 59 10
82.48852 57.94828 11.41954
78 59 10
82.46287 57.95429 11.41142
77 58 9
82.43183 57.95455 11.39772
77 59 10
82.40115 57.96045 11.38983
78 58 9
82.37642 57.96068 11.3764
76 59 9
82.3408 57.96648 11.36312
75 58 10
82.30002 57.96667 11.35555
77 59 10
82.27074 57.97238 11.34806
76 58 8
82.23628 57.97253 11.32967
76 58 9
82.20221 57.97268 11.31693
77 59 8
82.17393 57.97826 11.29891
77 59 10
82.14596 57.98379 11.29189
78 58 10
82.12367 57.98388 11.28494
76 58 10
82.09092 57.98397 11.27807
78 59 10
82.06916 57.98937 11.27127
70 59 44
82.0053 57.99472 11.44444
78 58 9
81.98422 57.99474 11.43158
77 58 10
81.95813 57.99477 11.42408
78 58 8
81.93751 57.9948 11.40625
76 57 10
81.90676 57.98965 11.39896
78 59 10
81.88662 57.99485 11.39175
75 57 10
81.8513 57.98975 11.38461
75 58 10
81.81634 57.9898 11.37755
77 59 10
81.79189 57.99493 11.37056
76 57 10
81.76264 57.98991 11.36363
78 59 8
81.74373 57.99499 11.34673
75 59 9
81.71 58.00001 11.335
77 59 10
81.68658 58.00498 11.32836
76 59 8
81.65843 58.00991 11.31188
78 58 10
81.64041 58.00986 11.30542
77 57 9
81.61765 58.00491 11.29412
121 68 36
81.80976 58.05366 11.41463
75 58 10
81.7767 58.0534 11.40777
77 58 10
81.75363 58.05315 11.40097
105 60 47
81.86539 58.06251 11.57211
76 58 9
81.83733 58.06221 11.55981
77 58 10
81.8143 58.06191 11.55238
80 59 44
81.8057 58.06635 11.70616
78 59 8
81.78775 58.07076 11.68868
78 59 9
81.76996 58.07512 11.67606
75 58 10
81.73832 58.07477 11.66822
77 59 10
81.71628 58.07907 11.66047
77 59 10
81.69444 58.08334 11.65278
75 58 9
81.66359 58.08295 11.64055
76 59 9
81.63761 58.08716 11.62844
76 58 10
81.61187 58.08676 11.621
78 59 10
81.59545 58.09091 11.61363
78 59 9
81.57919 58.09503 11.60181
75 58 10
81.54956 58.0946 11.59459
77 58 10
81.52915 58.09417 11.58744
76 57 10
81.50447 58.08929 11.58036
78 59 10
81.4889 58.09334 11.57333
78 58 9
81.47346 58.09293 11.56195
77 59 10
81.45375 58.09692 11.55506
78 59 8
81.43861 58.10089 11.53947
78 59 9
81.4236 58.10481 11.52838
75 57 10
81.39566 58.10001 11.52174
78 59 10
81.38096 58.1039 11.51515
77 58 9
81.36208 58.10346 11.50431
76 58 10
81.33906 58.10301 11.49785
80 59 44
81.33334 58.10685 11.63675
75 58 10
81.3064 58.10639 11.62979
75 58 10
81.27967 58.10594 11.62288
76 58 9
81.25739 58.1055 11.61181
77 59 10
81.2395 58.10925 11.60504
77 59 10
81.22176 58.11298 11.59832
77 59 10
81.20418 58.11668 11.59166
75 58 9
81.17843 58.11619 11.58091
77 58 10
81.16117 58.11571 11.57438
77 59 10
81.14405 58.11935 11.5679
78 59 9
81.13116 58.12296 11.55738
76 57 10
81.11022 58.11838 11.55102
77 59 10
81.09351 58.12196 11.54471
77 59 10
81.07694 58.12551 11.53846
78 58 10
81.06453 58.125 11.53226
121 68 36
81.22492 58.16466 11.63052
77 59 9
81.20802 58.16801 11.62
76 59 9
81.18727 58.17132 11.60956
75 58 10
81.16271 58.17064 11.60317
78 58 10
81.15021 58.16997 11.59684
78 58 9
81.1378 58.1693 11.58661
77 59 10
81.12158 58.17255 11.58039
78 59 10
81.10938 58.17579 11.57422
78 59 9
81.09729 58.17899 11.5642
76 58 8
81.07753 58.1783 11.55039
76 59 9
81.05792 58.18147 11.54054
76 58 10
81.03847 58.18078 11.53462
76 58 9
81.01916 58.18008 11.5249
75 58 10
80.99619 58.17939 11.51908
78 58 10
80.98479 58.17871 11.51331
75 58 10
80.96213 58.17804 11.50758
76 59 9
80.9434 58.18114 11.49811
90 59 44
80.97746 58.18422 11.6203
78 59 10
80.9663 58.18727 11.61423
77 59 8
80.9515 58.1903 11.60075
78 59 10
80.94053 58.19332 11.59479
75 59 9
80.91853 58.1963 11.58519
105 58 45
81.00739 58.19558 11.70849
121 68 36
81.15442 58.23162 11.79779
76 57 10
81.13554 58.22711 11.79121
76 59 9
81.11679 58.22993 11.78102
75 58 10
81.09455 58.22909 11.77454
78 59 10
81.08334 58.23188 11.76812
75 59 9
81.06137 58.23466 11.75812
78 58 10
81.05037 58.23381 11.7518
75 58 10
81.02868 58.23298 11.74552
76 58 10
81.01072 58.23215 11.73928
75 57 9
80.98933 58.22776 11.72954
77 59 9
80.97518 58.2305 11.71986
76 58 9
80.9576 58.22968 11.71025
76 58 9
80.94015 58.22887 11.7007
76 58 8
80.92281 58.22807 11.68772
75 58 10
80.90211 58.22727 11.68182
76 59 9
80.88503 58.22997 11.67247
76 57 10
80.86806 58.22569 11.66667
76 58 10
80.85122 58.22491 11.6609
78 59 10
80.84139 58.22759 11.65517
75 58 10
80.82131 58.2268 11.64948
75 59 9
80.80138 58.22945 11.64041
76 59 9
80.78499 58.23208 11.6314
76 58 9
80.76872 58.23129 11.62245
78 58 7
80.75933 58.2305 11.60678
75 57 10
80.73988 58.22635 11.60135
76 59 9
80.72392 58.22895 11.59259
75 58 9
80.70471 58.22818 11.58389
75 57 9
80.68563 58.22408 11.57525
76 58 10
80.67 58.22333 11.57
77 58 10
80.65782 58.22259 11.56478
76 57 9
80.64239 58.21854 11.55629
78 59 10
80.63367 58.22112 11.55115
76 58 10
80.61843 58.22039 11.54605
75 58 10
80.6 58.21967 11.54098
75 57 10
80.5817 58.21568 11.53595
77 58 9
80.57004 58.21498 11.52769
76 57 10
80.5552 58.21104 11.52273
76 59 9
80.54046 58.21359 11.51456
76 58 9
80.52581 58.2129 11.50645
76 58 10
80.51126 58.21222 11.50161
75 59 9
80.4936 58.21474 11.49359
75 57 10
80.47605 58.21086 11.48882
75 57 10
80.4586 58.20701 11.48408
76 58 9
80.44445 58.20635 11.47619
75 57 10
80.42723 58.20253 11.47152
77 58 8
80.41641 58.20189 11.46057
76 59 9
80.40253 58.2044 11.45283
76 57 10
80.38873 58.20063 11.44828
78 59 8
80.38127 58.20313 11.4375
75 58 10
80.3645 58.20249 11.43302
77 59 10
80.35405 58.20497 11.42857
78 59 10
80.34677 58.20743 11.42415
76 57 9
80.33336 58.2037 11.41667
76 57 10
80.32001 58.2 11.41231
75 57 10
80.3037 58.19632 11.40797
77 59 10
80.2936 58.19877 11.40367
76 58 9
80.2805 58.19817 11.39634
78 59 10
80.27357 58.2006 11.3921
77 59 10
80.26365 58.20302 11.38788
76 57 9
80.25077 58.19939 11.38066
77 58 10
80.24098 58.19879 11.3765
78 58 8
80.23425 58.1982 11.36637
76 59 9
80.22158 58.2006 11.35928
75 58 10
80.20598 58.2 11.35522
76 59 9
80.19347 58.20238 11.34821
78 58 10
80.18696 58.20178 11.34421
76 59 9
80.17457 58.20414 11.33728
76 59 9
80.16226 58.20649 11.33038
76 58 9
80.15001 58.20588 11.32353
77 58 8
80.14077 58.20528 11.31378
78 59 10
80.13452 58.2076 11.30994
76 58 9
80.12246 58.20699 11.30321
77 59 10
80.11338 58.2093 11.29942
76 58 9
80.10146 58.20869 11.29275
76 58 9
80.0896 58.20809 11.28613
75 59 9
80.07494 58.21037 11.27954
76 59 9
80.06323 58.21264 11.27299
121 68 36
80.18052 58.24069 11.34384
76 58 9
80.16857 58.24 11.33714
76 59 9
80.1567 58.24216 11.33048
75 58 10
80.14205 58.24148 11.3267
90 59 44
80.16997 58.24363 11.41926
76 57 10
80.15819 58.24011 11.41525
75 58 10
80.14366 58.23944 11.41127
75 57 10
80.12921 58.23596 11.4073
77 59 9
80.12045 58.2381 11.40056
77 59 9
80.11173 58.24022 11.39385
78 59 10
80.10585 58.24234 11.38997
76 58 9
80.09444 58.24167 11.38333
76 57 9
80.0831 58.23823 11.37673
90 59 44
80.1105 58.24033 11.46685
76 59 9
80.09917 58.24243 11.46006
77 59 10
80.09067 58.24451 11.45604
77 59 9
80.0822 58.24658 11.44931
77 58 10
80.07377 58.24591 11.44535
75 58 10
80.05995 58.24523 11.44142
77 59 8
80.05163 58.24729 11.43206
76 57 10
80.04066 58.24391 11.42818
76 58 10
80.02974 58.24325 11.42432
77 59 10
80.02157 58.24529 11.42048
78 59 10
80.01614 58.24732 11.41667
77 59 10
80.00805 58.24934 11.41287
78 59 10
80.00268 58.25134 11.40909
75 58 10
79.98933 58.25067 11.40533
77 59 9
79.98138 58.25266 11.39894
75 58 10
79.96817 58.25199 11.39522
76 58 10
79.95767 58.25132 11.39153
76 58 8
79.94723 58.25066 11.38259
76 58 9
79.93684 58.25 11.37632
77 59 9
79.92913 58.25197 11.37008
76 58 10
79.91885 58.25131 11.36649
77 59 9
79.91123 58.25326 11.36031
75 58 10
79.89844 58.2526 11.35677
75 58 10
79.88571 58.25195 11.35325
76 58 9
79.87565 58.2513 11.34715
78 59 10
79.87081 58.25323 11.34367
78 59 8
79.86598 58.25515 11.33505
77 59 8
79.85861 58.25707 11.32648
78 59 10
79.85384 58.25897 11.32308
76 59 9
79.84399 58.26087 11.31714
77 59 9
79.83673 58.26275 11.31122
75 58 10
79.82442 58.26209 11.30789
76 58 10
79.81472 58.26142 11.30457
76 57 9
79.80506 58.25823 11.29873
76 59 9
79.79546 58.2601 11.29293
76 57 10
79.7859 58.25693 11.28967
76 58 10
79.77638 58.25628 11.28643
75 59 9
79.76441 58.25815 11.2807
77 59 9
79.7575 58.26 11.275
76 58 9
79.74813 58.25935 11.26933
77 58 9
79.7413 58.25871 11.26368
76 58 8
79.73201 58.25807 11.25558
75 57 10
79.7203 58.25496 11.25247
75 57 10
79.70864 58.25186 11.24938
76 58 9
79.69951 58.25124 11.24384
76 58 10
79.69042 58.25062 11.24078
77 59 10
79.68383 58.25245 11.23774
76 58 9
79.67482 58.25183 11.23227
77 59 10
79.6683 58.25366 11.22927
77 59 9
79.6618 58.25548 11.22384
78 59 7
79.65777 58.25728 11.21359
76 58 9
79.64891 58.25666 11.20823
76 56 11
79.6401 58.25121 11.20773
80 52 38
79.64097 58.23615 11.27229
121 68 36
79.74039 58.25962 11.33173
78 58 10
79.73621 58.259 11.32854
76 58 8
79.72727 58.25838 11.32057
76 57 9
79.71838 58.25538 11.31503
76 56 10
79.70953 58.25 11.3119
76 56 11
79.70071 58.24466 11.31116
77 56 11
79.69431 58.23934 11.31042
75 55 11
79.68321 58.23168 11.30969
90 59 44
79.70754 58.23349 11.38679
90 59 44
79.73176 58.2353 11.46353
105 45 32
79.79108 58.20423 11.51173
77 58 9
79.78454 58.20375 11.50585
75 55 11
79.77336 58.19627 11.50467
77 56 11
79.7669 58.19115 11.50349
77 58 8
79.76047 58.1907 11.49535
76 55 11
79.75174 58.1833 11.4942
76 55 11
79.74306 58.17593 11.49305
76 56 11
79.73442 58.17091 11.49191
76 56 11
79.72581 58.16591 11.49078
75 55 11
79.71494 58.15863 11.48965
77 56 11
79.70872 58.15368 11.48853
77 56 10
79.70253 58.14875 11.48512
76 55 11
79.69407 58.14156 11.48402
76 57 10
79.68565 58.13896 11.48064
76 56 10
79.67728 58.13409 11.47727
77 56 11
79.67121 58.12925 11.47619
77 55 11
79.66516 58.12217 11.47511
121 68 36
79.75847 58.14447 11.53047
76 56 11
79.75 58.13964 11.52928
76 58 9
79.74157 58.13933 11.52359
77 56 10
79.73542 58.13453 11.52017
76 58 8
79.72707 58.13423 11.5123
76 56 10
79.71875 58.12947 11.50892
95 37 22
79.75278 58.08241 11.53229
69 59 44
79.72889 58.08445 11.60444
121 68 36
79.8204 58.10644 11.65853
76 55 10
79.81194 58.09956 11.65486
75 58 9
79.80133 58.09934 11.649
70 59 44
79.77973 58.10133 11.72026
77 59 9
79.77362 58.1033 11.71428
77 59 10
79.76754 58.10526 11.71052
76 59 9
79.75929 58.10722 11.70459
76 58 9
79.75109 58.10699 11.69868
75 57 10
79.74073 58.10458 11.69498
75 57 10
79.73042 58.10218 11.6913
75 57 10
79.72016 58.09978 11.68763
76 59 9
79.71211 58.10174 11.68181
76 58 9
79.70409 58.10152 11.67602
77 59 10
79.69827 58.10345 11.67241
76 57 10
79.69032 58.10108 11.66881
121 68 36
79.77896 58.12232 11.72102
78 59 10
79.77516 58.1242 11.71734
77 59 8
79.76923 58.12608 11.7094
77 58 9
79.76332 58.12581 11.70362
76 58 9
79.75531 58.12554 11.69787
75 57 9
79.74522 58.12315 11.69214
76 58 10
79.73728 58.1229 11.68855
76 58 9
79.72938 58.12263 11.68287
76 58 10
79.72151 58.12238 11.67932
76 59 9
79.71368 58.12422 11.67368
76 58 8
79.70587 58.12397 11.66596
76 58 9
79.6981 58.1237 11.66037
76 57 9
79.69037 58.12135 11.6548
76 58 9
79.68266 58.1211 11.64926
76 58 8
79.67499 58.12085 11.64166
76 59 9
79.66735 58.12268 11.63617
76 59 9
79.65974 58.1245 11.6307
77 59 8
79.65424 58.12631 11.62318
76 58 9
79.64668 58.12605 11.61776
76 59 9
79.63916 58.12785 11.61236
76 59 8
79.63168 58.12964 11.60493
75 58 10
79.62216 58.12938 11.60163
76 59 8
79.61474 58.13116 11.59425
75 57 9
79.6053 58.12885 11.58895
76 59 9
79.59795 58.13063 11.58367
78 59 10
79.59469 58.1324 11.58044
76 59 9
79.58738 58.13416 11.57519
76 59 9
79.5801 58.13591 11.56997
77 59 9
79.57488 58.13766 11.56477
76 58 9
79.56765 58.13739 11.55959
76 59 8
79.56046 58.13913 11.55241
76 59 9
79.55329 58.14086 11.54728
77 59 9
79.54816 58.14258 11.54216
76 59 9
79.54105 58.1443 11.53707
76 59 9
79.53397 58.14601 11.53199
76 58 9
79.52692 58.14572 11.52694
78 59 10
79.52387 58.14743 11.5239
77 58 9
79.51885 58.14713 11.51888
75 58 10
79.50989 58.14683 11.51587
75 58 10
79.50096 58.14655 11.51286
75 57 10
79.49206 58.14428 11.50988
77 59 9
79.48715 58.14597 11.50492
76 58 9
79.48028 58.14568 11.49999
76 58 10
79.47344 58.14539 11.49705
76 58 9
79.46663 58.14511 11.49215
75 58 9
79.45789 58.14483 11.48727
76 58 9
79.45114 58.14455 11.48242
76 58 9
79.4444 58.14426 11.47758
76 58 9
79.43771 58.14398 11.47276
76 59 9
79.43103 58.14564 11.46796
76 58 10
79.42438 58.14536 11.46511
76 59 9
79.41776 58.14701 11.46034
78 58 10
79.41502 58.14673 11.45752
76 58 9
79.40844 58.14645 11.45279
76 58 8
79.40189 58.14617 11.44615
90 59 44
79.42223 58.14781 11.50863
76 57 9
79.41567 58.14561 11.50383
76 59 8
79.40914 58.14724 11.49713
90 59 44
79.42935 58.14887 11.55915
76 58 8
79.42282 58.14859 11.55237
78 59 10
79.42011 58.15021 11.54942
76 58 10
79.41362 58.14992 11.54648
78 59 10
79.41094 58.15153 11.54355
76 59 9
79.4045 58.15313 11.53875
78 59 10
79.40185 58.15473 11.53584
77 58 8
79.39733 58.15444 11.52918
76 57 10
79.39094 58.15227 11.52631
76 59 9
79.38457 58.15386 11.52157
76 58 10
79.37824 58.15357 11.51872
77 59 9
79.37379 58.15515 11.51401
77 58 9
79.36936 58.15486 11.50932
75 58 10
79.36123 58.15457 11.50651
76 58 9
79.35498 58.15429 11.50185
76 57 9
79.34875 58.15215 11.49721
76 58 9
79.34255 58.15187 11.49259
76 59 8
79.33637 58.15343 11.48613
76 57 10
79.33022 58.1513 11.48339
76 59 9
79.32408 58.15287 11.47882
76 58 9
79.31797 58.15259 11.47426
76 58 8
79.31188 58.15231 11.46788
77 59 9
79.30765 58.15386 11.46336
76 58 9
79.3016 58.15358 11.45886
121 68 36
79.37769 58.17154 11.50364
76 58 8
79.37154 58.17123 11.49726
121 68 36
79.44724 58.1891 11.54181
77 59 9
79.4428 58.19057 11.5372
76 58 8
79.43656 58.19023 11.53079
78 59 10
79.43397 58.1917 11.52802
75 58 10
79.42596 58.19135 11.52527
77 59 10
79.42159 58.1928 11.52252
78 59 10
79.41904 58.19426 11.51978
76 59 8
79.41289 58.1957 11.51346
76 59 9
79.40678 58.19715 11.50896
77 59 9
79.40248 58.19858 11.50447
76 59 9
79.3964 58.20001 11.49999
76 59 9
79.39034 58.20144 11.49554
75 58 10
79.38253 58.20108 11.49288
76 58 9
79.37653 58.20072 11.48845
76 59 8
79.37054 58.20214 11.48226
76 59 8
79.36457 58.20355 11.4761
78 59 10
79.36216 58.20496 11.47349
76 58 9
79.35623 58.20459 11.46913
77 59 10
79.35208 58.206 11.46654
78 59 10
79.34971 58.20739 11.46397
76 59 9
79.34383 58.20879 11.45964
76 59 8
79.33797 58.21017 11.45358
78 59 10
79.33563 58.21155 11.45104
76 58 9
79.32981 58.21118 11.44677
78 59 10
79.32749 58.21255 11.44425
76 58 8
79.3217 58.21218 11.43826
78 59 10
79.31941 58.21355 11.43576
76 58 9
79.31365 58.21318 11.43154
77 59 10
79.30965 58.21455 11.42906
76 59 9
79.30393 58.2159 11.42487
77 59 10
79.29996 58.21725 11.42241
77 59 9
79.296 58.2186 11.41824
76 58 9
79.29034 58.21823 11.41408
77 59 9
79.28641 58.21957 11.40994
76 59 9
79.28078 58.2209 11.40582
78 59 10
79.27859 58.22223 11.40341
76 58 9
79.27299 58.22186 11.39931
76 59 8
79.26742 58.22319 11.39352
78 59 10
79.26526 58.2245 11.39115
76 58 8
79.25972 58.22412 11.38539
78 59 10
79.25758 58.22544 11.38305
75 58 10
79.25037 58.22505 11.38071
77 59 10
79.24657 58.22637 11.37837
77 59 10
79.24278 58.22767 11.37605
75 57 10
79.23564 58.2256 11.37373
77 59 10
79.23189 58.2269 11.37142
78 59 10
79.22982 58.2282 11.36912
75 57 10
79.22273 58.22614 11.36683
78 59 10
79.22069 58.22744 11.36454
77 59 10
79.21698 58.22873 11.36227
76 57 9
79.21162 58.22668 11.35833
77 59 9
79.20794 58.22796 11.3544
78 58 10
79.20593 58.22759 11.35215
76 58 10
79.20062 58.22721 11.34991
78 58 10
79.19862 58.22683 11.34768
78 59 10
79.19664 58.22811 11.34545
78 58 10
79.19466 58.22773 11.34323
78 59 10
79.1927 58.229 11.34102
78 59 10
79.19074 58.23027 11.33881
78 58 10
79.18878 58.22989 11.33661
77 58 10
79.18519 58.22952 11.33442
78 58 10
79.18326 58.22914 11.33224
77 59 10
79.17969 58.2304 11.33006
78 58 10
79.17777 58.23002 11.32789
77 58 10
79.17422 58.22965 11.32573
77 59 9
79.17068 58.2309 11.32195
78 58 10
79.16879 58.23053 11.3198
78 58 10
79.16689 58.23015 11.31766
77 58 9
79.16338 58.22978 11.31391
78 59 10
79.16151 58.23102 11.31179
78 59 10
79.15963 58.23226 11.30967
77 59 10
79.15615 58.2335 11.30756
70 59 44
79.14144 58.23473 11.36012
75 58 11
79.13479 58.23435 11.35954
78 58 10
79.13297 58.23398 11.35737
78 59 10
79.13116 58.2352 11.35519
78 58 10
79.12935 58.23483 11.35303
76 57 10
79.12436 58.23286 11.35087
78 58 10
79.12257 58.23249 11.34872
77 58 9
79.1192 58.23212 11.34499
76 57 10
79.11424 58.23017 11.34285
78 58 10
79.11248 58.2298 11.34072
77 58 9
79.10914 58.22944 11.33702
77 58 10
79.10581 58.22907 11.33491
77 59 10
79.10249 58.23029 11.3328
76 57 10
79.0976 58.22835 11.3307
78 58 10
79.09588 58.22799 11.32861
78 58 10
79.09416 58.22763 11.32652
77 58 9
79.09088 58.22728 11.32288
77 59 10
79.08761 58.22849 11.32081
78 58 10
79.08591 58.22813 11.31874
76 57 10
79.08109 58.22621 11.31668
76 57 10
79.07629 58.2243 11.31463
76 57 10
79.07151 58.2224 11.31259
121 68 36
79.13662 58.23758 11.35092
76 59 8
79.13176 58.23876 11.34573
74 59 11
79.12382 58.23994 11.34519
74 59 10
79.1159 58.24111 11.34311
76 57 10
79.11109 58.2392 11.34104
78 58 10
79.10938 58.23883 11.33898
75 59 11
79.10306 58.24 11.33845
76 58 9
79.09829 58.23963 11.33486
76 58 9
79.09354 58.23926 11.33128
74 59 11
79.08574 58.24043 11.33077
76 59 9
79.08103 58.24159 11.32721
76 58 9
79.07632 58.24122 11.32366
77 59 10
79.07315 58.24237 11.32164
77 59 9
79.06999 58.24353 11.3181
74 59 11
79.06229 58.24468 11.31762
76 59 9
79.05764 58.24582 11.3141
78 58 10
79.05604 58.24544 11.31211
74 58 12
79.04839 58.24508 11.31315
74 59 11
79.04076 58.24622 11.31268
76 57 10
79.03617 58.24434 11.3107
121 68 36
79.09937 58.25902 11.34788
76 59 9
79.09471 58.26014 11.34435
74 57 10
79.08706 58.25825 11.34233
74 58 10
79.07943 58.25786 11.34032
90 59 44
79.09578 58.25897 11.38921
74 58 10
79.08817 58.25859 11.38714
75 59 11
79.08206 58.25969 11.38656
75 58 10
79.07598 58.25931 11.38449
77 59 9
79.07289 58.26041 11.38094
75 58 10
79.06684 58.26003 11.37889
75 59 9
79.06081 58.26112 11.37536
75 58 10
79.05479 58.26074 11.37332
74 58 10
79.04731 58.26035 11.37129
74 58 11
79.03986 58.25997 11.37074
75 58 9
79.0339 58.25958 11.36725
75 59 10
79.02795 58.26067 11.36523
76 59 9
79.0235 58.26176 11.36176
121 68 36
79.08514 58.27606 11.39794
90 59 44
79.10114 58.27713 11.44574
74 59 11
79.09368 58.27818 11.44509
74 58 10
79.08623 58.27777 11.44297
75 58 11
79.08026 58.27737 11.44233
78 59 10
79.07869 58.27842 11.44022
77 59 9
79.07566 58.27947 11.43667
74 58 10
79.06828 58.27907 11.43458
76 58 9
79.06383 58.27866 11.43105
74 58 10
79.05649 58.27826 11.42898
75 59 11
79.05062 58.2793 11.42835
74 58 10
79.04332 58.2789 11.42629
76 59 9
79.03893 58.27994 11.42279
76 59 9
79.03455 58.28098 11.4193
76 58 8
79.03018 58.28057 11.41438
76 58 8
79.02583 58.28017 11.40947
76 58 8
79.02149 58.27977 11.40458
76 59 8
79.01716 58.2808 11.3997
74 59 10
79.00998 58.28183 11.3977
75 58 9
79.00425 58.28142 11.39428
75 58 10
78.99854 58.28102 11.39229
76 58 9
78.99426 58.28062 11.38888
77 59 9
78.99143 58.28165 11.38548
74 59 11
78.98434 58.28266 11.38493
76 59 8
78.9801 58.28368 11.38013
76 57 10
78.97588 58.28186 11.37818
74 58 11
78.96885 58.28146 11.37764
77 59 9
78.96607 58.28248 11.37428
76 58 9
78.96189 58.28208 11.37094
76 58 9
78.95772 58.28168 11.3676
77 59 9
78.95496 58.28269 11.36427
75 59 11
78.94941 58.2837 11.36375
78 59 10
78.94807 58.2847 11.36184
76 58 9
78.94395 58.2843 11.35853
76 58 8
78.93983 58.28391 11.35384
75 58 10
78.93433 58.28351 11.35195
76 58 9
78.93024 58.28311 11.34866
76 59 9
78.92616 58.28411 11.34539
76 59 9
78.92209 58.28511 11.34213
76 58 8
78.91803 58.28471 11.33749
76 58 8
78.91399 58.28432 11.33286
76 58 9
78.90995 58.28392 11.32963
77 59 9
78.90731 58.28491 11.32641
76 58 9
78.9033 58.28452 11.32319
77 59 9
78.90068 58.28551 11.31999
77 59 9
78.89806 58.28649 11.31679
76 59 9
78.89408 58.28747 11.31361
78 59 10
78.89285 58.28846 11.3118
76 59 9
78.88888 58.28943 11.30863
76 58 8
78.88492 58.28903 11.3041
75 58 10
78.8796 58.28864 11.30231
76 58 9
78.87567 58.28825 11.29917
76 58 9
78.87174 58.28785 11.29603
77 59 9
78.86919 58.28882 11.2929
77 59 9
78.86665 58.28979 11.28979
77 59 9
78.86412 58.29075 11.28667
77 59 9
78.86159 58.29172 11.28357
78 59 10
78.86042 58.29268 11.28183
76 58 9
78.85655 58.29228 11.27874
76 58 8
78.85269 58.29188 11.27431
76 58 8
78.84884 58.29149 11.2699
76 58 9
78.845 58.2911 11.26684
76 58 8
78.84117 58.29071 11.26244
76 58 9
78.83735 58.29031 11.2594
76 58 9
78.83354 58.28992 11.25637
76 58 9
78.82974 58.28954 11.25334
77 59 9
78.8273 58.29049 11.25032
76 57 9
78.82352 58.28876 11.24732
76 59 9
78.81975 58.28971 11.24431
76 59 9
78.81599 58.29066 11.24132
76 58 9
78.81224 58.29027 11.23834
76 58 8
78.8085 58.28989 11.23403
76 58 9
78.80477 58.2895 11.23107
76 58 9
78.80105 58.28912 11.22811
76 59 9
78.79734 58.29006 11.22516
76 59 9
78.79364 58.291 11.22221
77 59 9
78.79127 58.29194 11.21928
76 59 8
78.78758 58.29287 11.21503
76 58 8
78.78391 58.29248 11.21079
77 59 9
78.78156 58.29341 11.20789
76 59 9
78.77791 58.29434 11.20499
76 58 9
78.77426 58.29396 11.20209
76 58 9
78.77062 58.29357 11.19921
76 59 9
78.767 58.2945 11.19633
76 58 9
78.76338 58.29411 11.19346
76 58 9
78.75978 58.29372 11.19059
77 59 9
78.75748 58.29464 11.18774
76 59 8
78.75389 58.29556 11.18359
76 59 9
78.75031 58.29648 11.18075
76 58 8
78.74673 58.29609 11.17662
76 58 9
78.74317 58.29571 11.17379
76 58 8
78.73962 58.29533 11.16968
76 59 9
78.73607 58.29624 11.16688
76 58 9
78.73254 58.29586 11.16408
76 58 9
78.72901 58.29547 11.16128
76 58 8
78.7255 58.29509 11.15721
76 58 9
78.72199 58.29471 11.15443
77 59 9
78.71977 58.29562 11.15166
76 58 9
78.71628 58.29525 11.1489
75 58 10
78.71152 58.29486 11.14743
76 58 9
78.70805 58.29449 11.14468
76 58 9
78.70458 58.29411 11.14194
76 58 9
78.70113 58.29374 11.1392
76 58 8
78.69768 58.29336 11.1352
76 58 8
78.69424 58.29299 11.1312
74 59 11
78.68827 58.29389 11.13104
77 59 9
78.68613 58.29479 11.12833
76 58 9
78.68272 58.29441 11.12563
76 58 8
78.67931 58.29404 11.12167
76 59 8
78.67592 58.29493 11.11771
76 59 9
78.67254 58.29582 11.11504
75 58 10
78.6679 58.29545 11.11363
75 59 11
78.66328 58.29634 11.11349
76 58 9
78.65992 58.29597 11.11082
74 58 10
78.65406 58.29559 11.10943
76 58 9
78.65073 58.29522 11.10678
74 58 10
78.64489 58.29485 11.10539
76 59 9
78.64158 58.29574 11.10275
77 59 9
78.63953 58.29662 11.10012
76 59 9
78.63623 58.2975 11.09749
77 59 9
78.63419 58.29837 11.09487
76 59 9
78.6309 58.29925 11.09226
76 58 9
78.62762 58.29887 11.08966
76 58 8
78.62436 58.2985 11.08581
77 59 9
78.62235 58.29937 11.08322
76 58 9
78.61909 58.299 11.08064
77 59 9
78.61709 58.29987 11.07806
76 59 9
78.61385 58.30074 11.07549
77 59 9
78.61186 58.3016 11.07292
76 59 9
78.60863 58.30246 11.07036
76 59 9
78.60541 58.30332 11.06781
76 58 8
78.60219 58.30295 11.06403
76 58 9
78.59899 58.30257 11.06149
76 58 9
78.59581 58.30221 11.05896
76 59 9
78.59262 58.30306 11.05644
76 58 9
78.58945 58.30269 11.05391
77 59 9
78.5875 58.30354 11.0514
76 59 8
78.58434 58.3044 11.04767
76 58 9
78.58118 58.30402 11.04517
76 58 9
78.57803 58.30366 11.04267
76 59 8
78.57488 58.3045 11.03897
77 59 9
78.57297 58.30535 11.03649
76 58 9
78.56984 58.30498 11.03401
76 58 9
78.56672 58.30461 11.03155
76 58 9
78.56361 58.30424 11.02908
76 58 9
78.5605 58.30387 11.02663
77 59 9
78.55862 58.30471 11.02418
76 58 9
78.55553 58.30434 11.02173
40 99 6
78.50902 58.35344 11.01567
39 76 16
78.46142 58.3747 11.02168
40 99 6
78.41514 58.42359 11.01564
40 99 6
78.36896 58.47236 11.00961
40 99 6
78.32291 58.52101 11.00359
40 99 6
78.27695 58.56954 10.99759
40 99 6
78.23112 58.61796 10.99161
54 52 38
78.20213 58.61005 11.02392
33 54 32
78.14813 58.60454 11.04898
40 99 6
78.1026 58.65274 11.04295
40 99 6
78.05718 58.70083 11.03694
40 99 6
78.01188 58.74881 11.03094
40 99 6
77.96669 58.79667 11.02496
38 68 24
77.91921 58.8076 11.04037
40 99 6
77.87423 58.85528 11.03439
50 52 38
77.8412 58.84716 11.06634
38 68 24
77.79405 58.85798 11.08165
33 54 32
77.7411 58.85224 11.10637
34 56 30
77.68946 58.84887 11.12868
34 56 30
77.63794 58.84552 11.15093
54 52 38
77.6101 58.83745 11.18256
39 67 26
77.56467 58.84705 11.19999
38 68 24
77.51818 58.8578 11.21503
32 58 18
77.46475 58.8568 11.223
83 53 38
77.47125 58.84993 11.25439
38 72 18
77.42503 58.86533 11.26229
22 45 18
77.3602 58.84912 11.27017
33 64 22
77.30837 58.85513 11.2827
109 8 6
77.34535 58.79579 11.27654
89 65 50
77.35893 58.80302 11.32167
109 8 6
77.39577 58.74388 11.31547
104 49 36
77.42671 58.73255 11.34418
122 65 16
77.47848 58.73983 11.34959
109 8 6
77.51504 58.68096 11.34338
138 86 4
77.58513 58.71262 11.33487
147 41 8
77.66548 58.69212 11.33101
88 66 52
77.67742 58.70057 11.37803
131 42 6
77.739 58.68128 11.37182
120 7 6
77.78774 58.62167 11.36562
118 37 24
77.83407 58.59676 11.38018
105 43 30
77.86533 58.57882 11.4016
109 8 6
77.90112 58.52068 11.3954
145 63 10
77.97815 58.52582 11.39379
147 43 6
78.0573 58.50802 11.38761
109 8 6
78.09275 58.45016 11.38144
128 43 10
78.14985 58.43248 11.37986
120 7 6
78.19768 58.3737 11.37371
121 86 18
78.24654 58.40524 11.38127
120 7 6
78.29414 58.34662 11.37514
116 34 22
78.33709 58.3189 11.38724
119 35 23
78.38335 58.29237 11.40045
131 42 6
78.44314 58.27385 11.39431
122 65 16
78.49258 58.28149 11.39954
105 59 31
78.52263 58.2823 11.42176
